texture font.png
0 0 8 0 12
1 8 16 0 12
2 16 24 0 12
3 24 32 0 12
4 32 40 0 12
5 40 48 0 12
6 48 56 0 12
7 56 64 0 12
8 64 72 0 12
9 72 80 0 12
10 80 88 0 12
11 88 96 0 12
12 96 104 0 12
13 104 112 0 12
14 112 120 0 12
15 120 128 0 12
16 0 8 12 24
17 8 16 12 24
18 16 24 12 24
19 24 32 12 24
20 32 40 12 24
21 40 48 12 24
22 48 56 12 24
23 56 64 12 24
24 64 72 12 24
25 72 80 12 24
26 80 88 12 24
27 88 96 12 24
28 96 104 12 24
29 104 112 12 24
30 112 120 12 24
31 120 128 12 24
32 0 8 24 36
33 8 16 24 36
34 16 24 24 36
35 24 32 24 36
36 32 40 24 36
37 40 48 24 36
38 48 56 24 36
39 56 64 24 36
40 64 72 24 36
41 72 80 24 36
42 80 88 24 36
43 88 96 24 36
44 96 104 24 36
45 104 112 24 36
46 112 120 24 36
47 120 128 24 36
48 0 8 36 48
49 8 16 36 48
50 16 24 36 48
51 24 32 36 48
52 32 40 36 48
53 40 48 36 48
54 48 56 36 48
55 56 64 36 48
56 64 72 36 48
57 72 80 36 48
58 80 88 36 48
59 88 96 36 48
60 96 104 36 48
61 104 112 36 48
62 112 120 36 48
63 120 128 36 48
64 0 8 48 60
65 8 16 48 60
66 16 24 48 60
67 24 32 48 60
68 32 40 48 60
69 40 48 48 60
70 48 56 48 60
71 56 64 48 60
72 64 72 48 60
73 72 80 48 60
74 80 88 48 60
75 88 96 48 60
76 96 104 48 60
77 104 112 48 60
78 112 120 48 60
79 120 128 48 60
80 0 8 60 72
81 8 16 60 72
82 16 24 60 72
83 24 32 60 72
84 32 40 60 72
85 40 48 60 72
86 48 56 60 72
87 56 64 60 72
88 64 72 60 72
89 72 80 60 72
90 80 88 60 72
91 88 96 60 72
92 96 104 60 72
93 104 112 60 72
94 112 120 60 72
95 120 128 60 72
96 0 8 72 84
97 8 16 72 84
98 16 24 72 84
99 24 32 72 84
100 32 40 72 84
101 40 48 72 84
102 48 56 72 84
103 56 64 72 84
104 64 72 72 84
105 72 80 72 84
106 80 88 72 84
107 88 96 72 84
108 96 104 72 84
109 104 112 72 84
110 112 120 72 84
111 120 128 72 84
112 0 8 84 96
113 8 16 84 96
114 16 24 84 96
115 24 32 84 96
116 32 40 84 96
117 40 48 84 96
118 48 56 84 96
119 56 64 84 96
120 64 72 84 96
121 72 80 84 96
122 80 88 84 96
123 88 96 84 96
124 96 104 84 96
125 104 112 84 96
126 112 120 84 96
127 120 128 84 96
128 0 8 96 108
129 8 16 96 108
130 16 24 96 108
131 24 32 96 108
132 32 40 96 108
133 40 48 96 108
134 48 56 96 108
135 56 64 96 108
136 64 72 96 108
137 72 80 96 108
138 80 88 96 108
139 88 96 96 108
140 96 104 96 108
141 104 112 96 108
142 112 120 96 108
143 120 128 96 108
144 0 8 108 120
145 8 16 108 120
146 16 24 108 120
147 24 32 108 120
148 32 40 108 120
149 40 48 108 120
150 48 56 108 120
151 56 64 108 120
152 64 72 108 120
153 72 80 108 120
154 80 88 108 120
155 88 96 108 120
156 96 104 108 120
157 104 112 108 120
158 112 120 108 120
159 120 128 108 120
160 0 8 120 132
161 8 16 120 132
162 16 24 120 132
163 24 32 120 132
164 32 40 120 132
165 40 48 120 132
166 48 56 120 132
167 56 64 120 132
168 64 72 120 132
169 72 80 120 132
170 80 88 120 132
171 88 96 120 132
172 96 104 120 132
173 104 112 120 132
174 112 120 120 132
175 120 128 120 132
176 0 8 132 144
177 8 16 132 144
178 16 24 132 144
179 24 32 132 144
180 32 40 132 144
181 40 48 132 144
182 48 56 132 144
183 56 64 132 144
184 64 72 132 144
185 72 80 132 144
186 80 88 132 144
187 88 96 132 144
188 96 104 132 144
189 104 112 132 144
190 112 120 132 144
191 120 128 132 144
192 0 8 144 156
193 8 16 144 156
194 16 24 144 156
195 24 32 144 156
196 32 40 144 156
197 40 48 144 156
198 48 56 144 156
199 56 64 144 156
200 64 72 144 156
201 72 80 144 156
202 80 88 144 156
203 88 96 144 156
204 96 104 144 156
205 104 112 144 156
206 112 120 144 156
207 120 128 144 156
208 0 8 156 168
209 8 16 156 168
210 16 24 156 168
211 24 32 156 168
212 32 40 156 168
213 40 48 156 168
214 48 56 156 168
215 56 64 156 168
216 64 72 156 168
217 72 80 156 168
218 80 88 156 168
219 88 96 156 168
220 96 104 156 168
221 104 112 156 168
222 112 120 156 168
223 120 128 156 168
224 0 8 168 180
225 8 16 168 180
226 16 24 168 180
227 24 32 168 180
228 32 40 168 180
229 40 48 168 180
230 48 56 168 180
231 56 64 168 180
232 64 72 168 180
233 72 80 168 180
234 80 88 168 180
235 88 96 168 180
236 96 104 168 180
237 104 112 168 180
238 112 120 168 180
239 120 128 168 180
240 0 8 180 192
241 8 16 180 192
242 16 24 180 192
243 24 32 180 192
244 32 40 180 192
245 40 48 180 192
246 48 56 180 192
247 56 64 180 192
248 64 72 180 192
249 72 80 180 192
250 80 88 180 192
251 88 96 180 192
252 96 104 180 192
253 104 112 180 192
254 112 120 180 192
255 120 128 180 192

